Volume differences
     index    time        volume      diff   diff_pc
947    NaN  1018.0  1.137790e+06   84.6545  0.007440
944    NaN  1015.0  1.137797e+06   92.1436  0.008098
934    NaN  1005.0  1.137825e+06  119.7248  0.010522
935    NaN  1006.0  1.137832e+06  126.2385  0.011095
920    NaN   991.0  1.137833e+06  127.6644  0.011220
Last frames
     index    time        volume       diff   diff_pc
995    NaN  1066.0  1.135201e+06  2504.0317  0.220580
996    NaN  1067.0  1.134559e+06  3145.9983  0.277288
997    NaN  1068.0  1.134932e+06  2773.8177  0.244404
998    NaN  1069.0  1.136561e+06  1144.6536  0.100712
999    NaN  1070.0  1.135935e+06  1770.2555  0.155841
